/*--------------------------------*- C++ -*----------------------------------*\
  =========                 |
  \\      /  F ield         | OpenFOAM: The Open Source CFD Toolbox
   \\    /   O peration     | Website:  https://openfoam.org
    \\  /    A nd           | Version:  9
     \\/     M anipulation  |
\*---------------------------------------------------------------------------*/
FoamFile
{
    format      ascii;
    class       regIOobject;
    location    "5e-05/polyMesh";
    object      faceZones;
}
// * * * * * * * * * * * * * * * * * * * * * * * * * * * * * * * * * * * * * //

2
(
inside_to_hubinside_to_hub_copyCutFaceZone
{
    type faceZone;
faceLabels      List<label> 
138
(
4322
4326
4330
4333
4457
4460
4463
4465
4601
4604
4607
4609
4745
4748
4751
4753
4889
4892
4895
4897
5033
5036
5039
5041
16658
16662
16665
16759
16762
16764
16867
16870
16872
16975
16978
16980
17083
17086
17088
17191
17194
17196
29288
29292
29296
29300
29304
29308
29312
29316
29320
29324
29328
29332
29336
29340
29344
29347
29820
29823
29826
29829
29832
29835
29838
29841
29844
29847
29850
29853
29856
29859
29862
29864
30384
30387
30390
30393
30396
30399
30402
30405
30408
30411
30414
30417
30420
30423
30426
30428
30948
30951
30954
30957
30960
30963
30966
30969
30972
30975
30978
30981
30984
30987
30990
30992
31512
31515
31518
31521
31524
31527
31530
31533
31536
31539
31542
31545
31548
31551
31554
31556
32076
32079
32082
32085
32088
32091
32094
32097
32100
32103
32106
32109
32112
32115
32118
32120
)
;
flipMap         List<bool> 
138
(
0
0
0
0
1
1
1
1
1
1
1
1
1
1
1
1
1
1
1
1
1
1
1
1
0
0
0
1
1
1
1
1
1
1
1
1
1
1
1
1
1
1
0
0
0
0
0
0
0
0
0
0
0
0
0
0
0
0
1
1
1
1
1
1
1
1
1
1
1
1
1
1
1
1
1
1
1
1
1
1
1
1
1
1
1
1
1
1
1
1
1
1
1
1
1
1
1
1
1
1
1
1
1
1
1
1
1
1
1
1
1
1
1
1
1
1
1
1
1
1
1
1
1
1
1
1
1
1
1
1
1
1
1
1
1
1
1
1
)
;
}

hub_to_rotorhub_to_rotor_copyCutFaceZone
{
    type faceZone;
faceLabels      List<label> 
138
(
5186
5190
5194
5197
5321
5324
5327
5329
5465
5468
5471
5473
5609
5612
5615
5617
5753
5756
5759
5761
5897
5900
5903
5905
17306
17310
17313
17407
17410
17412
17515
17518
17520
17623
17626
17628
17731
17734
17736
17839
17842
17844
32672
32676
32680
32684
32688
32692
32696
32700
32704
32708
32712
32716
32720
32724
32728
32731
33204
33207
33210
33213
33216
33219
33222
33225
33228
33231
33234
33237
33240
33243
33246
33248
33768
33771
33774
33777
33780
33783
33786
33789
33792
33795
33798
33801
33804
33807
33810
33812
34332
34335
34338
34341
34344
34347
34350
34353
34356
34359
34362
34365
34368
34371
34374
34376
34896
34899
34902
34905
34908
34911
34914
34917
34920
34923
34926
34929
34932
34935
34938
34940
35460
35463
35466
35469
35472
35475
35478
35481
35484
35487
35490
35493
35496
35499
35502
35504
)
;
flipMap         List<bool> 
138
(
0
0
0
0
1
1
1
1
1
1
1
1
1
1
1
1
1
1
1
1
1
1
1
1
0
0
0
1
1
1
1
1
1
1
1
1
1
1
1
1
1
1
0
0
0
0
0
0
0
0
0
0
0
0
0
0
0
0
1
1
1
1
1
1
1
1
1
1
1
1
1
1
1
1
1
1
1
1
1
1
1
1
1
1
1
1
1
1
1
1
1
1
1
1
1
1
1
1
1
1
1
1
1
1
1
1
1
1
1
1
1
1
1
1
1
1
1
1
1
1
1
1
1
1
1
1
1
1
1
1
1
1
1
1
1
1
1
1
)
;
}
)

// ************************************************************************* //
